15
16
17
16
21
19
18
20
19
25
17
17
23
16
20
16
20
17
17
24
12
16
28
16
16
22
18
22
17
20
20
19
19
17
16
19
23
22
20
17
20
27
26
20
21
27
22
22
30
20
22
22
20
18
20
27
22
23
17
18
23
22
18
26
25
21
23
20
28
19
21
21
21
23
17
17
25
26
26
24
22
33
37
23
30
19
30
20
27
32
31
33
15
25
27
24
20
22
25
18
20
38
25
27
29
24
34
26
27
29
40
21
23
27
28
26
26
22
28
24
22
37
28
28
28
24
22
22
29
31
25
23
31
31
31
34
28
42
36
21
28
24
30
27
32
23
30
25
31
20
27
21
30
29
25
31
28
30
53
25
22
46
30
37
20
34
38
34
26
31
24
22
28
32
21
24
28
32
25
31
35
39
26
28
36
46
41
43
45
30
30
32
40
29
34
46
27
29
32
33
36
43
32
37
23
32
31
45
24
24
30
41
18
33
51
27
50
43
29
35
39
62
47
38
44
38
50
40
49
76
62
25
41
41
51
49
44
40
34
41
34
39